theta_cont: 0.000000
theta_star: 1.000000
